0 1
0 2
1 2
3 4
5 6
5 7
5 8
6 7
6 8
7 8
9 10
9 11
9 12
10 11
10 12
11 12
13 14
13 15
13 16
13 17
13 18
14 15
14 16
14 17
14 18
15 16
15 17
15 18
16 17
16 18
17 18
19 20
19 21
20 21
23 24
23 25
23 26
24 25
24 26
25 26
29 30
31 32
31 33
31 34
31 35
31 36
32 33
32 34
32 35
32 36
33 34
33 35
33 36
34 35
34 36
35 36
37 38
37 39
37 40
38 39
38 40
39 40
41 42
43 44
43 45
43 46
43 47
44 45
44 46
44 47
45 46
45 47
46 47
48 49
48 50
49 50
51 52
51 53
51 54
51 55
51 56
51 57
52 53
52 54
52 55
52 56
52 57
53 54
53 55
53 56
53 57
54 55
54 56
54 57
55 56
55 57
56 57
58 59
58 60
59 60
61 62
61 63
61 64
61 65
61 66
62 63
62 64
62 65
62 66
63 64
63 65
63 66
64 65
64 66
65 66
67 68
67 69
68 69
70 71
70 72
70 73
70 74
71 72
71 73
71 74
72 73
72 74
73 74
75 76
77 78
77 79
78 79
80 81
80 82
80 83
81 82
81 83
82 83
84 85
87 88
89 90
89 91
90 91
92 93
92 94
92 95
92 96
92 97
93 94
93 95
93 96
93 97
94 95
94 96
94 97
95 96
95 97
96 97
98 99
100 101
100 102
100 103
101 102
101 103
102 103
104 105
104 106
104 107
104 108
104 109
104 110
104 111
105 106
105 107
105 108
105 109
105 110
105 111
106 107
106 108
106 109
106 110
106 111
107 108
107 109
107 110
107 111
108 109
108 110
108 111
109 110
109 111
110 111
112 113
114 115
116 117
116 118
116 119
116 120
116 121
116 122
117 118
117 119
117 120
117 121
117 122
118 119
118 120
118 121
118 122
119 120
119 121
119 122
120 121
120 122
121 122
123 124
123 125
124 125
126 127
126 128
127 128
129 130
131 132
131 133
131 134
131 135
132 133
132 134
132 135
133 134
133 135
134 135
136 137
136 138
136 139
137 138
137 139
138 139
140 141
140 142
140 143
140 144
140 145
140 146
141 142
141 143
141 144
141 145
141 146
142 143
142 144
142 145
142 146
143 144
143 145
143 146
144 145
144 146
145 146
147 148
149 150
149 151
150 151
152 153
154 155
154 156
154 157
154 158
155 156
155 157
155 158
156 157
156 158
157 158
159 160
159 161
159 162
159 163
159 164
160 161
160 162
160 163
160 164
161 162
161 163
161 164
162 163
162 164
163 164
166 167
166 168
167 168
169 170
171 172
173 174
175 176
175 177
176 177
178 179
180 181
180 182
180 183
180 184
180 185
180 186
181 182
181 183
181 184
181 185
181 186
182 183
182 184
182 185
182 186
183 184
183 185
183 186
184 185
184 186
185 186
188 189
190 191
190 192
190 193
190 194
191 192
191 193
191 194
192 193
192 194
193 194
195 196
195 197
195 198
196 197
196 198
197 198
199 200
199 201
199 202
200 201
200 202
201 202
203 204
205 206
205 207
205 208
206 207
206 208
207 208
209 210
209 211
210 211
212 213
212 214
213 214
216 217
216 218
216 219
216 220
217 218
217 219
217 220
218 219
218 220
219 220
222 223
224 225
224 226
225 226
228 229
230 231
230 232
231 232
233 234
233 235
233 236
233 237
234 235
234 236
234 237
235 236
235 237
236 237
238 239
240 241
240 242
240 243
240 244
241 242
241 243
241 244
242 243
242 244
243 244
245 246
245 247
245 248
245 249
245 250
245 251
245 252
245 253
245 254
245 255
245 256
246 247
246 248
246 249
246 250
246 251
246 252
246 253
246 254
246 255
246 256
247 248
247 249
247 250
247 251
247 252
247 253
247 254
247 255
247 256
248 249
248 250
248 251
248 252
248 253
248 254
248 255
248 256
249 250
249 251
249 252
249 253
249 254
249 255
249 256
250 251
250 252
250 253
250 254
250 255
250 256
251 252
251 253
251 254
251 255
251 256
252 253
252 254
252 255
252 256
253 254
253 255
253 256
254 255
254 256
255 256
257 258
260 261
263 264
263 265
263 266
263 267
263 268
264 265
264 266
264 267
264 268
265 266
265 267
265 268
266 267
266 268
267 268
269 270
271 272
271 273
271 274
271 275
272 273
272 274
272 275
273 274
273 275
274 275
276 277
276 278
276 279
277 278
277 279
278 279
280 281
282 283
282 284
283 284
285 286
285 287
285 288
286 287
286 288
287 288
289 290
289 291
290 291
292 293
292 294
292 295
292 296
293 294
293 295
293 296
294 295
294 296
295 296
298 299
298 300
298 301
298 302
298 303
299 300
299 301
299 302
299 303
300 301
300 302
300 303
301 302
301 303
302 303
304 305
306 307
306 308
306 309
306 310
307 308
307 309
307 310
308 309
308 310
309 310
311 312
311 313
311 314
311 315
312 313
312 314
312 315
313 314
313 315
314 315
316 317
316 318
316 319
316 320
316 321
317 318
317 319
317 320
317 321
318 319
318 320
318 321
319 320
319 321
320 321
322 323
322 324
322 325
323 324
323 325
324 325
326 327
328 329
330 331
330 332
330 333
331 332
331 333
332 333
334 335
334 336
335 336
338 339
338 340
338 341
338 342
338 343
338 344
339 340
339 341
339 342
339 343
339 344
340 341
340 342
340 343
340 344
341 342
341 343
341 344
342 343
342 344
343 344
345 346
345 347
346 347
348 349
350 351
353 354
353 355
353 356
354 355
354 356
355 356
357 358
357 359
358 359
360 361
360 362
361 362
363 364
363 365
363 366
363 367
364 365
364 366
364 367
365 366
365 367
366 367
368 369
368 370
369 370
371 372
371 373
371 374
371 375
371 376
371 377
372 373
372 374
372 375
372 376
372 377
373 374
373 375
373 376
373 377
374 375
374 376
374 377
375 376
375 377
376 377
378 379
378 380
378 381
379 380
379 381
380 381
382 383
382 384
382 385
382 386
382 387
382 388
382 389
382 390
383 384
383 385
383 386
383 387
383 388
383 389
383 390
384 385
384 386
384 387
384 388
384 389
384 390
385 386
385 387
385 388
385 389
385 390
386 387
386 388
386 389
386 390
387 388
387 389
387 390
388 389
388 390
389 390
391 392
394 395
396 397
396 398
396 399
396 400
397 398
397 399
397 400
398 399
398 400
399 400
403 404
403 405
403 406
404 405
404 406
405 406
408 409
408 410
408 411
408 412
409 410
409 411
409 412
410 411
410 412
411 412
414 415
416 417
418 419
421 422
423 424
423 425
423 426
423 427
424 425
424 426
424 427
425 426
425 427
426 427
428 429
430 431
430 432
430 433
430 434
431 432
431 433
431 434
432 433
432 434
433 434
435 436
438 439
438 440
438 441
438 442
438 443
438 444
438 445
439 440
439 441
439 442
439 443
439 444
439 445
440 441
440 442
440 443
440 444
440 445
441 442
441 443
441 444
441 445
442 443
442 444
442 445
443 444
443 445
444 445
447 448
449 450
451 452
453 454
453 455
453 456
453 457
454 455
454 456
454 457
455 456
455 457
456 457
458 459
458 460
459 460
461 462
461 463
462 463
464 465
464 466
465 466
468 469
470 471
472 473
472 474
472 475
473 474
473 475
474 475
476 477
478 479
478 480
479 480
482 483
484 485
484 486
484 487
484 488
484 489
484 490
485 486
485 487
485 488
485 489
485 490
486 487
486 488
486 489
486 490
487 488
487 489
487 490
488 489
488 490
489 490
491 492
491 493
491 494
491 495
492 493
492 494
492 495
493 494
493 495
494 495
496 497
496 498
496 499
497 498
497 499
498 499
500 501
500 502
500 503
501 502
501 503
502 503
504 505
504 506
504 507
505 506
505 507
506 507
508 509
508 510
508 511
508 512
508 513
508 514
508 515
508 516
508 517
508 518
508 519
509 510
509 511
509 512
509 513
509 514
509 515
509 516
509 517
509 518
509 519
510 511
510 512
510 513
510 514
510 515
510 516
510 517
510 518
510 519
511 512
511 513
511 514
511 515
511 516
511 517
511 518
511 519
512 513
512 514
512 515
512 516
512 517
512 518
512 519
513 514
513 515
513 516
513 517
513 518
513 519
514 515
514 516
514 517
514 518
514 519
515 516
515 517
515 518
515 519
516 517
516 518
516 519
517 518
517 519
518 519
520 521
520 522
520 523
520 524
520 525
520 526
520 527
521 522
521 523
521 524
521 525
521 526
521 527
522 523
522 524
522 525
522 526
522 527
523 524
523 525
523 526
523 527
524 525
524 526
524 527
525 526
525 527
526 527
529 530
529 531
529 532
530 531
530 532
531 532
533 534
536 537
536 538
537 538
539 540
541 542
541 543
542 543
544 545
549 550
549 551
549 552
549 553
549 554
549 555
550 551
550 552
550 553
550 554
550 555
551 552
551 553
551 554
551 555
552 553
552 554
552 555
553 554
553 555
554 555
556 557
556 558
557 558
559 560
559 561
559 562
559 563
560 561
560 562
560 563
561 562
561 563
562 563
564 565
566 567
566 568
567 568
569 570
569 571
569 572
570 571
570 572
571 572
573 574
575 576
577 578
580 581
580 582
580 583
581 582
581 583
582 583
584 585
584 586
584 587
584 588
585 586
585 587
585 588
586 587
586 588
587 588
590 591
590 592
591 592
593 594
593 595
593 596
593 597
594 595
594 596
594 597
595 596
595 597
596 597
600 601
602 603
604 605
606 607
609 610
611 612
613 614
613 615
613 616
614 615
614 616
615 616
617 618
617 619
618 619
621 622
623 624
625 626
625 627
625 628
625 629
625 630
626 627
626 628
626 629
626 630
627 628
627 629
627 630
628 629
628 630
629 630
632 633
632 634
632 635
633 634
633 635
634 635
636 637
636 638
636 639
637 638
637 639
638 639
640 641
642 643
645 646
648 649
648 650
648 651
649 650
649 651
650 651
652 653
652 654
652 655
652 656
653 654
653 655
653 656
654 655
654 656
655 656
657 658
657 659
657 660
658 659
658 660
659 660
661 662
661 663
661 664
662 663
662 664
663 664
665 666
667 668
667 669
668 669
670 671
672 673
672 674
672 675
672 676
672 677
672 678
672 679
673 674
673 675
673 676
673 677
673 678
673 679
674 675
674 676
674 677
674 678
674 679
675 676
675 677
675 678
675 679
676 677
676 678
676 679
677 678
677 679
678 679
680 681
680 682
680 683
680 684
680 685
681 682
681 683
681 684
681 685
682 683
682 684
682 685
683 684
683 685
684 685
686 687
688 689
688 690
688 691
689 690
689 691
690 691
692 693
694 695
696 697
698 699
700 701
700 702
700 703
700 704
700 705
700 706
700 707
701 702
701 703
701 704
701 705
701 706
701 707
702 703
702 704
702 705
702 706
702 707
703 704
703 705
703 706
703 707
704 705
704 706
704 707
705 706
705 707
706 707
708 709
708 710
708 711
709 710
709 711
710 711
714 715
716 717
718 719
718 720
719 720
721 722
721 723
722 723
724 725
726 727
728 729
728 730
728 731
729 730
729 731
730 731
733 734
733 735
734 735
736 737
736 738
736 739
737 738
737 739
738 739
740 741
740 742
741 742
743 744
743 745
743 746
743 747
743 748
744 745
744 746
744 747
744 748
745 746
745 747
745 748
746 747
746 748
747 748
749 750
751 752
753 754
755 756
755 757
756 757
758 759
760 761
762 763
762 764
762 765
762 766
762 767
763 764
763 765
763 766
763 767
764 765
764 766
764 767
765 766
765 767
766 767
768 769
768 770
768 771
768 772
769 770
769 771
769 772
770 771
770 772
771 772
773 774
775 776
775 777
775 778
775 779
776 777
776 778
776 779
777 778
777 779
778 779
780 781
783 784
783 785
783 786
783 787
783 788
784 785
784 786
784 787
784 788
785 786
785 787
785 788
786 787
786 788
787 788
789 790
791 792
793 794
793 795
793 796
793 797
794 795
794 796
794 797
795 796
795 797
796 797
798 799
798 800
798 801
799 800
799 801
800 801
802 803
804 805
804 806
804 807
804 808
804 809
804 810
804 811
805 806
805 807
805 808
805 809
805 810
805 811
806 807
806 808
806 809
806 810
806 811
807 808
807 809
807 810
807 811
808 809
808 810
808 811
809 810
809 811
810 811
813 814
813 815
813 816
814 815
814 816
815 816
817 818
817 819
818 819
820 821
820 822
820 823
821 822
821 823
822 823
824 825
824 826
824 827
825 826
825 827
826 827
828 829
828 830
828 831
828 832
828 833
829 830
829 831
829 832
829 833
830 831
830 832
830 833
831 832
831 833
832 833
834 835
834 836
835 836
837 838
839 840
839 841
840 841
842 843
844 845
844 846
844 847
845 846
845 847
846 847
848 849
848 850
848 851
848 852
849 850
849 851
849 852
850 851
850 852
851 852
853 854
853 855
853 856
853 857
854 855
854 856
854 857
855 856
855 857
856 857
858 859
860 861
860 862
860 863
860 864
861 862
861 863
861 864
862 863
862 864
863 864
865 866
867 868
869 870
871 872
873 874
875 876
877 878
879 880
879 881
879 882
880 881
880 882
881 882
883 884
883 885
883 886
883 887
884 885
884 886
884 887
885 886
885 887
886 887
888 889
888 890
888 891
888 892
889 890
889 891
889 892
890 891
890 892
891 892
893 894
893 895
894 895
896 897
898 899
898 900
898 901
898 902
898 903
898 904
899 900
899 901
899 902
899 903
899 904
900 901
900 902
900 903
900 904
901 902
901 903
901 904
902 903
902 904
903 904
905 906
907 908
909 910
909 911
909 912
910 911
910 912
911 912
913 914
913 915
913 916
913 917
913 918
913 919
914 915
914 916
914 917
914 918
914 919
915 916
915 917
915 918
915 919
916 917
916 918
916 919
917 918
917 919
918 919
921 922
921 923
921 924
921 925
921 926
921 927
921 928
922 923
922 924
922 925
922 926
922 927
922 928
923 924
923 925
923 926
923 927
923 928
924 925
924 926
924 927
924 928
925 926
925 927
925 928
926 927
926 928
927 928
930 931
930 932
931 932
933 934
935 936
937 938
940 941
940 942
940 943
940 944
941 942
941 943
941 944
942 943
942 944
943 944
946 947
946 948
947 948
949 950
951 952
953 954
955 956
955 957
955 958
955 959
955 960
956 957
956 958
956 959
956 960
957 958
957 959
957 960
958 959
958 960
959 960
961 962
965 966
968 969
970 971
970 972
970 973
970 974
971 972
971 973
971 974
972 973
972 974
973 974
975 976
978 979
978 980
978 981
978 982
979 980
979 981
979 982
980 981
980 982
981 982
983 984
983 985
984 985
987 988
987 989
987 990
988 989
988 990
989 990
991 992
991 993
991 994
991 995
992 993
992 994
992 995
993 994
993 995
994 995
996 997
996 998
996 999
996 1000
996 1001
997 998
997 999
997 1000
997 1001
998 999
998 1000
998 1001
999 1000
999 1001
1000 1001
1003 1004
1003 1005
1003 1006
1003 1007
1003 1008
1003 1009
1004 1005
1004 1006
1004 1007
1004 1008
1004 1009
1005 1006
1005 1007
1005 1008
1005 1009
1006 1007
1006 1008
1006 1009
1007 1008
1007 1009
1008 1009
1011 1012
1011 1013
1011 1014
1011 1015
1011 1016
1012 1013
1012 1014
1012 1015
1012 1016
1013 1014
1013 1015
1013 1016
1014 1015
1014 1016
1015 1016
1017 1018
1019 1020
1019 1021
1019 1022
1019 1023
1019 1024
1020 1021
1020 1022
1020 1023
1020 1024
1021 1022
1021 1023
1021 1024
1022 1023
1022 1024
1023 1024
1025 1026
1025 1027
1025 1028
1025 1029
1025 1030
1026 1027
1026 1028
1026 1029
1026 1030
1027 1028
1027 1029
1027 1030
1028 1029
1028 1030
1029 1030
1032 1033
1034 1035
1034 1036
1034 1037
1034 1038
1034 1039
1035 1036
1035 1037
1035 1038
1035 1039
1036 1037
1036 1038
1036 1039
1037 1038
1037 1039
1038 1039
1040 1041
1040 1042
1040 1043
1040 1044
1040 1045
1041 1042
1041 1043
1041 1044
1041 1045
1042 1043
1042 1044
1042 1045
1043 1044
1043 1045
1044 1045
1046 1047
1046 1048
1046 1049
1046 1050
1047 1048
1047 1049
1047 1050
1048 1049
1048 1050
1049 1050
1051 1052
1051 1053
1051 1054
1051 1055
1052 1053
1052 1054
1052 1055
1053 1054
1053 1055
1054 1055
1056 1057
1058 1059
1058 1060
1058 1061
1058 1062
1058 1063
1059 1060
1059 1061
1059 1062
1059 1063
1060 1061
1060 1062
1060 1063
1061 1062
1061 1063
1062 1063
1064 1065
1068 1069
1068 1070
1068 1071
1068 1072
1069 1070
1069 1071
1069 1072
1070 1071
1070 1072
1071 1072
1073 1074
1073 1075
1073 1076
1073 1077
1074 1075
1074 1076
1074 1077
1075 1076
1075 1077
1076 1077
1078 1079
1080 1081
1082 1083
1082 1084
1082 1085
1082 1086
1082 1087
1083 1084
1083 1085
1083 1086
1083 1087
1084 1085
1084 1086
1084 1087
1085 1086
1085 1087
1086 1087
1088 1089
1090 1091
1090 1092
1090 1093
1091 1092
1091 1093
1092 1093
1095 1096
1097 1098
1099 1100
1101 1102
1103 1104
1103 1105
1103 1106
1103 1107
1104 1105
1104 1106
1104 1107
1105 1106
1105 1107
1106 1107
1108 1109
1111 1112
1113 1114
1115 1116
1115 1117
1115 1118
1115 1119
1115 1120
1116 1117
1116 1118
1116 1119
1116 1120
1117 1118
1117 1119
1117 1120
1118 1119
1118 1120
1119 1120
1121 1122
1123 1124
1123 1125
1123 1126
1123 1127
1123 1128
1124 1125
1124 1126
1124 1127
1124 1128
1125 1126
1125 1127
1125 1128
1126 1127
1126 1128
1127 1128
1129 1130
1129 1131
1130 1131
1132 1133
1135 1136
1137 1138
1139 1140
1141 1142
1143 1144
1143 1145
1143 1146
1144 1145
1144 1146
1145 1146
1147 1148
1147 1149
1148 1149
1150 1151
1152 1153
1152 1154
1153 1154
1155 1156
1155 1157
1155 1158
1155 1159
1155 1160
1155 1161
1156 1157
1156 1158
1156 1159
1156 1160
1156 1161
1157 1158
1157 1159
1157 1160
1157 1161
1158 1159
1158 1160
1158 1161
1159 1160
1159 1161
1160 1161
1162 1163
1162 1164
1163 1164
1165 1166
1167 1168
1167 1169
1167 1170
1167 1171
1167 1172
1168 1169
1168 1170
1168 1171
1168 1172
1169 1170
1169 1171
1169 1172
1170 1171
1170 1172
1171 1172
1173 1174
1173 1175
1173 1176
1173 1177
1174 1175
1174 1176
1174 1177
1175 1176
1175 1177
1176 1177
1178 1179
1178 1180
1178 1181
1179 1180
1179 1181
1180 1181
1183 1184
1185 1186
1187 1188
1187 1189
1188 1189
1190 1191
1190 1192
1190 1193
1191 1192
1191 1193
1192 1193
1194 1195
1194 1196
1195 1196
1197 1198
1199 1200
1201 1202
1201 1203
1201 1204
1201 1205
1202 1203
1202 1204
1202 1205
1203 1204
1203 1205
1204 1205
1206 1207
1206 1208
1207 1208
1209 1210
1209 1211
1210 1211
1213 1214
1215 1216
1217 1218
1217 1219
1217 1220
1217 1221
1218 1219
1218 1220
1218 1221
1219 1220
1219 1221
1220 1221
1222 1223
1222 1224
1222 1225
1222 1226
1222 1227
1223 1224
1223 1225
1223 1226
1223 1227
1224 1225
1224 1226
1224 1227
1225 1226
1225 1227
1226 1227
1228 1229
1228 1230
1229 1230
1231 1232
1231 1233
1232 1233
1234 1235
1234 1236
1235 1236
1238 1239
1238 1240
1238 1241
1238 1242
1238 1243
1239 1240
1239 1241
1239 1242
1239 1243
1240 1241
1240 1242
1240 1243
1241 1242
1241 1243
1242 1243
1244 1245
1246 1247
1248 1249
1248 1250
1248 1251
1249 1250
1249 1251
1250 1251
1252 1253
1252 1254
1252 1255
1252 1256
1252 1257
1253 1254
1253 1255
1253 1256
1253 1257
1254 1255
1254 1256
1254 1257
1255 1256
1255 1257
1256 1257
1258 1259
1258 1260
1259 1260
1261 1262
1261 1263
1262 1263
1264 1265
1264 1266
1264 1267
1265 1266
1265 1267
1266 1267
1268 1269
1268 1270
1268 1271
1268 1272
1268 1273
1268 1274
1269 1270
1269 1271
1269 1272
1269 1273
1269 1274
1270 1271
1270 1272
1270 1273
1270 1274
1271 1272
1271 1273
1271 1274
1272 1273
1272 1274
1273 1274
1275 1276
1277 1278
1277 1279
1277 1280
1278 1279
1278 1280
1279 1280
1281 1282
1283 1284
1285 1286
1285 1287
1285 1288
1285 1289
1285 1290
1286 1287
1286 1288
1286 1289
1286 1290
1287 1288
1287 1289
1287 1290
1288 1289
1288 1290
1289 1290
1291 1292
1293 1294
1295 1296
1295 1297
1296 1297
1298 1299
1300 1301
1302 1303
1302 1304
1302 1305
1302 1306
1302 1307
1303 1304
1303 1305
1303 1306
1303 1307
1304 1305
1304 1306
1304 1307
1305 1306
1305 1307
1306 1307
1309 1310
1311 1312
1311 1313
1311 1314
1312 1313
1312 1314
1313 1314
1315 1316
1315 1317
1315 1318
1316 1317
1316 1318
1317 1318
1319 1320
1321 1322
1323 1324
1323 1325
1324 1325
1326 1327
1328 1329
1330 1331
1332 1333
1332 1334
1332 1335
1333 1334
1333 1335
1334 1335
1336 1337
1336 1338
1337 1338
1339 1340
1341 1342
1341 1343
1341 1344
1342 1343
1342 1344
1343 1344
1345 1346
1347 1348
1347 1349
1348 1349
1350 1351
1350 1352
1351 1352
1353 1354
1353 1355
1354 1355
1356 1357
1358 1359
1358 1360
1358 1361
1359 1360
1359 1361
1360 1361
1362 1363
1362 1364
1362 1365
1362 1366
1363 1364
1363 1365
1363 1366
1364 1365
1364 1366
1365 1366
1367 1368
1367 1369
1367 1370
1368 1369
1368 1370
1369 1370
1371 1372
1371 1373
1372 1373
1374 1375
1374 1376
1374 1377
1374 1378
1374 1379
1374 1380
1375 1376
1375 1377
1375 1378
1375 1379
1375 1380
1376 1377
1376 1378
1376 1379
1376 1380
1377 1378
1377 1379
1377 1380
1378 1379
1378 1380
1379 1380
1381 1382
1381 1383
1381 1384
1381 1385
1381 1386
1382 1383
1382 1384
1382 1385
1382 1386
1383 1384
1383 1385
1383 1386
1384 1385
1384 1386
1385 1386
1387 1388
1387 1389
1387 1390
1387 1391
1387 1392
1388 1389
1388 1390
1388 1391
1388 1392
1389 1390
1389 1391
1389 1392
1390 1391
1390 1392
1391 1392
1393 1394
1393 1395
1393 1396
1394 1395
1394 1396
1395 1396
1397 1398
1397 1399
1398 1399
1400 1401
1402 1403
1404 1405
1404 1406
1404 1407
1404 1408
1405 1406
1405 1407
1405 1408
1406 1407
1406 1408
1407 1408
1410 1411
1410 1412
1410 1413
1410 1414
1410 1415
1411 1412
1411 1413
1411 1414
1411 1415
1412 1413
1412 1414
1412 1415
1413 1414
1413 1415
1414 1415
1417 1418
1419 1420
1421 1422
1424 1425
1426 1427
1428 1429
1430 1431
1433 1434
1433 1435
1433 1436
1433 1437
1434 1435
1434 1436
1434 1437
1435 1436
1435 1437
1436 1437
1439 1440
1441 1442
1443 1444
1445 1446
1445 1447
1445 1448
1445 1449
1445 1450
1446 1447
1446 1448
1446 1449
1446 1450
1447 1448
1447 1449
1447 1450
1448 1449
1448 1450
1449 1450
1451 1452
1451 1453
1451 1454
1451 1455
1451 1456
1452 1453
1452 1454
1452 1455
1452 1456
1453 1454
1453 1455
1453 1456
1454 1455
1454 1456
1455 1456
1457 1458
1459 1460
1459 1461
1459 1462
1460 1461
1460 1462
1461 1462
1464 1465
1466 1467
1468 1469
1471 1472
1471 1473
1471 1474
1471 1475
1471 1476
1471 1477
1472 1473
1472 1474
1472 1475
1472 1476
1472 1477
1473 1474
1473 1475
1473 1476
1473 1477
1474 1475
1474 1476
1474 1477
1475 1476
1475 1477
1476 1477
1479 1480
1479 1481
1479 1482
1480 1481
1480 1482
1481 1482
1483 1484
1485 1486
1485 1487
1485 1488
1485 1489
1485 1490
1486 1487
1486 1488
1486 1489
1486 1490
1487 1488
1487 1489
1487 1490
1488 1489
1488 1490
1489 1490
1491 1492
1493 1494
1493 1495
1494 1495
1496 1497
1496 1498
1497 1498
1499 1500
1499 1501
1500 1501
1502 1503
1502 1504
1502 1505
1502 1506
1503 1504
1503 1505
1503 1506
1504 1505
1504 1506
1505 1506
1507 1508
1509 1510
1512 1513
1512 1514
1513 1514
1515 1516
1518 1519
1520 1521
1520 1522
1521 1522
1523 1524
1523 1525
1524 1525
1526 1527
1529 1530
1529 1531
1529 1532
1529 1533
1529 1534
1530 1531
1530 1532
1530 1533
1530 1534
1531 1532
1531 1533
1531 1534
1532 1533
1532 1534
1533 1534
1535 1536
1535 1537
1535 1538
1535 1539
1535 1540
1535 1541
1535 1542
1535 1543
1536 1537
1536 1538
1536 1539
1536 1540
1536 1541
1536 1542
1536 1543
1537 1538
1537 1539
1537 1540
1537 1541
1537 1542
1537 1543
1538 1539
1538 1540
1538 1541
1538 1542
1538 1543
1539 1540
1539 1541
1539 1542
1539 1543
1540 1541
1540 1542
1540 1543
1541 1542
1541 1543
1542 1543
1544 1545
1544 1546
1544 1547
1544 1548
1544 1549
1544 1550
1545 1546
1545 1547
1545 1548
1545 1549
1545 1550
1546 1547
1546 1548
1546 1549
1546 1550
1547 1548
1547 1549
1547 1550
1548 1549
1548 1550
1549 1550
1551 1552
1551 1553
1552 1553
1554 1555
1554 1556
1554 1557
1554 1558
1554 1559
1555 1556
1555 1557
1555 1558
1555 1559
1556 1557
1556 1558
1556 1559
1557 1558
1557 1559
1558 1559
1560 1561
1562 1563
1564 1565
1570 1571
1570 1572
1570 1573
1571 1572
1571 1573
1572 1573
1574 1575
1576 1577
1578 1579
1578 1580
1578 1581
1579 1580
1579 1581
1580 1581
1582 1583
1582 1584
1582 1585
1582 1586
1583 1584
1583 1585
1583 1586
1584 1585
1584 1586
1585 1586
1587 1588
1587 1589
1588 1589
1590 1591
1592 1593
1592 1594
1592 1595
1592 1596
1592 1597
1593 1594
1593 1595
1593 1596
1593 1597
1594 1595
1594 1596
1594 1597
1595 1596
1595 1597
1596 1597
1598 1599
1600 1601
1600 1602
1600 1603
1601 1602
1601 1603
1602 1603
1604 1605
1606 1607
1606 1608
1606 1609
1606 1610
1606 1611
1606 1612
1607 1608
1607 1609
1607 1610
1607 1611
1607 1612
1608 1609
1608 1610
1608 1611
1608 1612
1609 1610
1609 1611
1609 1612
1610 1611
1610 1612
1611 1612
1615 1616
1617 1618
1619 1620
1619 1621
1619 1622
1619 1623
1620 1621
1620 1622
1620 1623
1621 1622
1621 1623
1622 1623
1624 1625
1624 1626
1624 1627
1624 1628
1625 1626
1625 1627
1625 1628
1626 1627
1626 1628
1627 1628
1629 1630
1629 1631
1630 1631
1632 1633
1632 1634
1632 1635
1633 1634
1633 1635
1634 1635
1636 1637
1638 1639
1638 1640
1639 1640
1641 1642
1641 1643
1642 1643
1644 1645
1644 1646
1645 1646
1647 1648
1649 1650
1649 1651
1649 1652
1650 1651
1650 1652
1651 1652
1653 1654
1653 1655
1653 1656
1653 1657
1654 1655
1654 1656
1654 1657
1655 1656
1655 1657
1656 1657
1658 1659
1658 1660
1658 1661
1659 1660
1659 1661
1660 1661
1662 1663
1662 1664
1663 1664
1665 1666
1667 1668
1667 1669
1667 1670
1667 1671
1667 1672
1667 1673
1668 1669
1668 1670
1668 1671
1668 1672
1668 1673
1669 1670
1669 1671
1669 1672
1669 1673
1670 1671
1670 1672
1670 1673
1671 1672
1671 1673
1672 1673
1674 1675
1676 1677
1676 1678
1676 1679
1676 1680
1676 1681
1677 1678
1677 1679
1677 1680
1677 1681
1678 1679
1678 1680
1678 1681
1679 1680
1679 1681
1680 1681
1682 1683
1684 1685
1684 1686
1685 1686
1687 1688
1687 1689
1688 1689
1691 1692
1693 1694
1693 1695
1693 1696
1693 1697
1693 1698
1694 1695
1694 1696
1694 1697
1694 1698
1695 1696
1695 1697
1695 1698
1696 1697
1696 1698
1697 1698
1699 1700
1699 1701
1699 1702
1699 1703
1699 1704
1699 1705
1699 1706
1700 1701
1700 1702
1700 1703
1700 1704
1700 1705
1700 1706
1701 1702
1701 1703
1701 1704
1701 1705
1701 1706
1702 1703
1702 1704
1702 1705
1702 1706
1703 1704
1703 1705
1703 1706
1704 1705
1704 1706
1705 1706
1707 1708
1709 1710
1709 1711
1709 1712
1709 1713
1709 1714
1710 1711
1710 1712
1710 1713
1710 1714
1711 1712
1711 1713
1711 1714
1712 1713
1712 1714
1713 1714
1715 1716
1717 1718
1717 1719
1718 1719
1720 1721
1720 1722
1720 1723
1720 1724
1720 1725
1721 1722
1721 1723
1721 1724
1721 1725
1722 1723
1722 1724
1722 1725
1723 1724
1723 1725
1724 1725
1726 1727
1726 1728
1726 1729
1727 1728
1727 1729
1728 1729
1730 1731
1732 1733
1734 1735
1734 1736
1734 1737
1734 1738
1734 1739
1735 1736
1735 1737
1735 1738
1735 1739
1736 1737
1736 1738
1736 1739
1737 1738
1737 1739
1738 1739
1740 1741
1744 1745
1744 1746
1744 1747
1744 1748
1745 1746
1745 1747
1745 1748
1746 1747
1746 1748
1747 1748
1749 1750
1751 1752
1751 1753
1752 1753
1755 1756
1757 1758
1757 1759
1757 1760
1757 1761
1757 1762
1758 1759
1758 1760
1758 1761
1758 1762
1759 1760
1759 1761
1759 1762
1760 1761
1760 1762
1761 1762
1763 1764
1765 1766
1767 1768
1769 1770
1771 1772
1773 1774
1773 1775
1773 1776
1774 1775
1774 1776
1775 1776
1777 1778
1781 1782
1781 1783
1781 1784
1782 1783
1782 1784
1783 1784
1785 1786
1788 1789
1788 1790
1788 1791
1788 1792
1788 1793
1788 1794
1789 1790
1789 1791
1789 1792
1789 1793
1789 1794
1790 1791
1790 1792
1790 1793
1790 1794
1791 1792
1791 1793
1791 1794
1792 1793
1792 1794
1793 1794
1795 1796
1797 1798
1797 1799
1798 1799
1800 1801
1802 1803
1802 1804
1803 1804
1805 1806
1805 1807
1805 1808
1805 1809
1805 1810
1805 1811
1806 1807
1806 1808
1806 1809
1806 1810
1806 1811
1807 1808
1807 1809
1807 1810
1807 1811
1808 1809
1808 1810
1808 1811
1809 1810
1809 1811
1810 1811
1814 1815
1816 1817
1818 1819
1818 1820
1819 1820
1821 1822
1821 1823
1821 1824
1821 1825
1821 1826
1822 1823
1822 1824
1822 1825
1822 1826
1823 1824
1823 1825
1823 1826
1824 1825
1824 1826
1825 1826
1827 1828
1830 1831
1832 1833
1834 1835
1836 1837
1836 1838
1837 1838
1839 1840
1841 1842
1841 1843
1841 1844
1841 1845
1841 1846
1842 1843
1842 1844
1842 1845
1842 1846
1843 1844
1843 1845
1843 1846
1844 1845
1844 1846
1845 1846
1847 1848
1850 1851
1852 1853
1852 1854
1853 1854
1856 1857
1856 1858
1857 1858
1859 1860
1861 1862
1861 1863
1861 1864
1862 1863
1862 1864
1863 1864
1865 1866
1865 1867
1865 1868
1865 1869
1866 1867
1866 1868
1866 1869
1867 1868
1867 1869
1868 1869
1870 1871
1870 1872
1870 1873
1871 1872
1871 1873
1872 1873
1874 1875
1874 1876
1874 1877
1875 1876
1875 1877
1876 1877
1878 1879
1880 1881
1884 1885
1886 1887
1886 1888
1886 1889
1887 1888
1887 1889
1888 1889
1891 1892
1891 1893
1891 1894
1891 1895
1891 1896
1892 1893
1892 1894
1892 1895
1892 1896
1893 1894
1893 1895
1893 1896
1894 1895
1894 1896
1895 1896
1898 1899
1898 1900
1898 1901
1898 1902
1899 1900
1899 1901
1899 1902
1900 1901
1900 1902
1901 1902
1904 1905
1904 1906
1905 1906
1907 1908
1907 1909
1907 1910
1907 1911
1907 1912
1908 1909
1908 1910
1908 1911
1908 1912
1909 1910
1909 1911
1909 1912
1910 1911
1910 1912
1911 1912
1913 1914
1915 1916
1918 1919
1918 1920
1919 1920
1921 1922
1923 1924
1925 1926
1925 1927
1925 1928
1925 1929
1925 1930
1926 1927
1926 1928
1926 1929
1926 1930
1927 1928
1927 1929
1927 1930
1928 1929
1928 1930
1929 1930
1931 1932
1931 1933
1931 1934
1932 1933
1932 1934
1933 1934
1935 1936
1937 1938
1937 1939
1937 1940
1937 1941
1937 1942
1938 1939
1938 1940
1938 1941
1938 1942
1939 1940
1939 1941
1939 1942
1940 1941
1940 1942
1941 1942
1943 1944
1943 1945
1944 1945
1946 1947
1948 1949
1950 1951
1950 1952
1950 1953
1950 1954
1950 1955
1950 1956
1951 1952
1951 1953
1951 1954
1951 1955
1951 1956
1952 1953
1952 1954
1952 1955
1952 1956
1953 1954
1953 1955
1953 1956
1954 1955
1954 1956
1955 1956
1957 1958
1959 1960
1962 1963
1962 1964
1962 1965
1962 1966
1963 1964
1963 1965
1963 1966
1964 1965
1964 1966
1965 1966
1968 1969
1968 1970
1968 1971
1969 1970
1969 1971
1970 1971
1973 1974
1975 1976
1975 1977
1975 1978
1975 1979
1976 1977
1976 1978
1976 1979
1977 1978
1977 1979
1978 1979
1980 1981
1980 1982
1980 1983
1980 1984
1980 1985
1981 1982
1981 1983
1981 1984
1981 1985
1982 1983
1982 1984
1982 1985
1983 1984
1983 1985
1984 1985
1987 1988
1987 1989
1987 1990
1988 1989
1988 1990
1989 1990
1993 1994
1993 1995
1994 1995
1996 1997
1996 1998
1996 1999
1996 2000
1997 1998
1997 1999
1997 2000
1998 1999
1998 2000
1999 2000
2001 2002
2001 2003
2002 2003
2004 2005
2006 2007
2006 2008
2007 2008
2009 2010
2011 2012
2011 2013
2011 2014
2011 2015
2012 2013
2012 2014
2012 2015
2013 2014
2013 2015
2014 2015
2016 2017
2018 2019
2018 2020
2018 2021
2018 2022
2018 2023
2018 2024
2019 2020
2019 2021
2019 2022
2019 2023
2019 2024
2020 2021
2020 2022
2020 2023
2020 2024
2021 2022
2021 2023
2021 2024
2022 2023
2022 2024
2023 2024
2027 2028
2029 2030
2029 2031
2029 2032
2029 2033
2030 2031
2030 2032
2030 2033
2031 2032
2031 2033
2032 2033
2034 2035
2036 2037
2036 2038
2036 2039
2036 2040
2037 2038
2037 2039
2037 2040
2038 2039
2038 2040
2039 2040
2041 2042
2041 2043
2042 2043
2046 2047
2048 2049
2048 2050
2048 2051
2049 2050
2049 2051
2050 2051
2052 2053
2052 2054
2053 2054
2055 2056
2057 2058
2057 2059
2057 2060
2057 2061
2057 2062
2058 2059
2058 2060
2058 2061
2058 2062
2059 2060
2059 2061
2059 2062
2060 2061
2060 2062
2061 2062
2063 2064
2065 2066
2065 2067
2066 2067
2069 2070
2071 2072
2073 2074
2075 2076
2077 2078
2077 2079
2078 2079
2080 2081
2080 2082
2080 2083
2080 2084
2080 2085
2081 2082
2081 2083
2081 2084
2081 2085
2082 2083
2082 2084
2082 2085
2083 2084
2083 2085
2084 2085
2086 2087
2086 2088
2086 2089
2087 2088
2087 2089
2088 2089
2090 2091
2092 2093
2095 2096
2095 2097
2095 2098
2096 2097
2096 2098
2097 2098
2099 2100
2101 2102
2101 2103
2102 2103
2104 2105
2104 2106
2104 2107
2105 2106
2105 2107
2106 2107
2108 2109
2110 2111
2110 2112
2110 2113
2110 2114
2110 2115
2111 2112
2111 2113
2111 2114
2111 2115
2112 2113
2112 2114
2112 2115
2113 2114
2113 2115
2114 2115
2116 2117
2116 2118
2116 2119
2116 2120
2117 2118
2117 2119
2117 2120
2118 2119
2118 2120
2119 2120
2121 2122
2121 2123
2122 2123
2124 2125
2126 2127
2126 2128
2126 2129
2127 2128
2127 2129
2128 2129
2130 2131
2130 2132
2130 2133
2130 2134
2131 2132
2131 2133
2131 2134
2132 2133
2132 2134
2133 2134
2135 2136
2137 2138
2139 2140
2139 2141
2139 2142
2140 2141
2140 2142
2141 2142
2143 2144
2145 2146
2145 2147
2145 2148
2146 2147
2146 2148
2147 2148
2149 2150
2149 2151
2149 2152
2149 2153
2149 2154
2150 2151
2150 2152
2150 2153
2150 2154
2151 2152
2151 2153
2151 2154
2152 2153
2152 2154
2153 2154
2155 2156
2155 2157
2155 2158
2156 2157
2156 2158
2157 2158
2159 2160
2162 2163
2162 2164
2162 2165
2163 2164
2163 2165
2164 2165
2166 2167
2168 2169
2168 2170
2169 2170
2171 2172
2173 2174
2173 2175
2174 2175
2176 2177
2178 2179
2180 2181
2182 2183
2184 2185
2184 2186
2184 2187
2184 2188
2185 2186
2185 2187
2185 2188
2186 2187
2186 2188
2187 2188
2189 2190
2189 2191
2190 2191
2192 2193
2192 2194
2192 2195
2192 2196
2192 2197
2193 2194
2193 2195
2193 2196
2193 2197
2194 2195
2194 2196
2194 2197
2195 2196
2195 2197
2196 2197
2198 2199
2198 2200
2199 2200
2202 2203
2202 2204
2203 2204
2205 2206
2205 2207
2205 2208
2206 2207
2206 2208
2207 2208
2209 2210
2209 2211
2209 2212
2209 2213
2210 2211
2210 2212
2210 2213
2211 2212
2211 2213
2212 2213
2214 2215
2214 2216
2214 2217
2215 2216
2215 2217
2216 2217
2219 2220
2219 2221
2219 2222
2219 2223
2219 2224
2220 2221
2220 2222
2220 2223
2220 2224
2221 2222
2221 2223
2221 2224
2222 2223
2222 2224
2223 2224
2225 2226
2225 2227
2225 2228
2226 2227
2226 2228
2227 2228
2229 2230
2229 2231
2229 2232
2230 2231
2230 2232
2231 2232
2233 2234
2233 2235
2233 2236
2234 2235
2234 2236
2235 2236
2237 2238
2237 2239
2238 2239
2240 2241
2240 2242
2241 2242
2243 2244
2243 2245
2244 2245
2246 2247
2246 2248
2247 2248
2249 2250
2249 2251
2250 2251
2252 2253
2252 2254
2252 2255
2253 2254
2253 2255
2254 2255
2256 2257
2258 2259
2260 2261
2260 2262
2261 2262
2263 2264
2265 2266
2265 2267
2265 2268
2266 2267
2266 2268
2267 2268
2269 2270
2269 2271
2269 2272
2270 2271
2270 2272
2271 2272
2273 2274
2273 2275
2273 2276
2274 2275
2274 2276
2275 2276
2277 2278
2277 2279
2278 2279
2280 2281
2282 2283
2282 2284
2283 2284
2285 2286
2287 2288
2289 2290
2289 2291
2289 2292
2289 2293
2289 2294
2289 2295
2289 2296
2290 2291
2290 2292
2290 2293
2290 2294
2290 2295
2290 2296
2291 2292
2291 2293
2291 2294
2291 2295
2291 2296
2292 2293
2292 2294
2292 2295
2292 2296
2293 2294
2293 2295
2293 2296
2294 2295
2294 2296
2295 2296
2300 2301
2300 2302
2301 2302
2303 2304
2305 2306
2305 2307
2305 2308
2306 2307
2306 2308
2307 2308
2309 2310
2312 2313
2312 2314
2312 2315
2312 2316
2313 2314
2313 2315
2313 2316
2314 2315
2314 2316
2315 2316
2317 2318
2317 2319
2318 2319
2320 2321
2323 2324
2325 2326
2325 2327
2325 2328
2326 2327
2326 2328
2327 2328
2329 2330
2329 2331
2329 2332
2329 2333
2330 2331
2330 2332
2330 2333
2331 2332
2331 2333
2332 2333
2334 2335
2334 2336
2335 2336
2337 2338
2339 2340
2341 2342
2341 2343
2341 2344
2341 2345
2341 2346
2342 2343
2342 2344
2342 2345
2342 2346
2343 2344
2343 2345
2343 2346
2344 2345
2344 2346
2345 2346
2347 2348
2347 2349
2347 2350
2348 2349
2348 2350
2349 2350
2351 2352
2351 2353
2351 2354
2351 2355
2352 2353
2352 2354
2352 2355
2353 2354
2353 2355
2354 2355
2356 2357
2356 2358
2357 2358
2359 2360
2359 2361
2359 2362
2359 2363
2359 2364
2359 2365
2360 2361
2360 2362
2360 2363
2360 2364
2360 2365
2361 2362
2361 2363
2361 2364
2361 2365
2362 2363
2362 2364
2362 2365
2363 2364
2363 2365
2364 2365
2366 2367
2366 2368
2366 2369
2366 2370
2366 2371
2367 2368
2367 2369
2367 2370
2367 2371
2368 2369
2368 2370
2368 2371
2369 2370
2369 2371
2370 2371
2372 2373
2374 2375
2376 2377
2376 2378
2377 2378
2379 2380
2381 2382
2383 2384
2385 2386
2385 2387
2386 2387
2388 2389
2388 2390
2389 2390
2391 2392
2391 2393
2392 2393
2394 2395
2394 2396
2394 2397
2394 2398
2395 2396
2395 2397
2395 2398
2396 2397
2396 2398
2397 2398
2399 2400
2399 2401
2399 2402
2400 2401
2400 2402
2401 2402
2403 2404
2405 2406
2405 2407
2405 2408
2406 2407
2406 2408
2407 2408
2409 2410
2411 2412
2413 2414
2413 2415
2414 2415
2416 2417
2416 2418
2416 2419
2416 2420
2416 2421
2417 2418
2417 2419
2417 2420
2417 2421
2418 2419
2418 2420
2418 2421
2419 2420
2419 2421
2420 2421
2422 2423
2424 2425
2424 2426
2424 2427
2425 2426
2425 2427
2426 2427
2428 2429
2428 2430
2428 2431
2428 2432
2429 2430
2429 2431
2429 2432
2430 2431
2430 2432
2431 2432
2433 2434
2433 2435
2433 2436
2433 2437
2434 2435
2434 2436
2434 2437
2435 2436
2435 2437
2436 2437
2438 2439
2438 2440
2438 2441
2439 2440
2439 2441
2440 2441
2443 2444
2443 2445
2443 2446
2444 2445
2444 2446
2445 2446
2448 2449
2450 2451
2452 2453
2454 2455
2454 2456
2454 2457
2454 2458
2455 2456
2455 2457
2455 2458
2456 2457
2456 2458
2457 2458
2459 2460
2459 2461
2459 2462
2459 2463
2459 2464
2460 2461
2460 2462
2460 2463
2460 2464
2461 2462
2461 2463
2461 2464
2462 2463
2462 2464
2463 2464
2465 2466
2467 2468
2469 2470
2471 2472
2473 2474
2473 2475
2473 2476
2474 2475
2474 2476
2475 2476
2478 2479
2478 2480
2478 2481
2478 2482
2478 2483
2479 2480
2479 2481
2479 2482
2479 2483
2480 2481
2480 2482
2480 2483
2481 2482
2481 2483
2482 2483
2484 2485
2484 2486
2485 2486
2487 2488
2487 2489
2488 2489
2490 2491
2492 2493
2494 2495
2494 2496
2494 2497
2494 2498
2495 2496
2495 2497
2495 2498
2496 2497
2496 2498
2497 2498
2499 2500
2501 2502
2503 2504
2503 2505
2504 2505
2506 2507
2506 2508
2506 2509
2506 2510
2507 2508
2507 2509
2507 2510
2508 2509
2508 2510
2509 2510
2512 2513
2512 2514
2512 2515
2513 2514
2513 2515
2514 2515
2516 2517
2516 2518
2516 2519
2516 2520
2517 2518
2517 2519
2517 2520
2518 2519
2518 2520
2519 2520
2521 2522
2523 2524
2523 2525
2524 2525
2526 2527
2526 2528
2526 2529
2526 2530
2526 2531
2527 2528
2527 2529
2527 2530
2527 2531
2528 2529
2528 2530
2528 2531
2529 2530
2529 2531
2530 2531
2532 2533
2534 2535
2534 2536
2534 2537
2535 2536
2535 2537
2536 2537
2538 2539
2538 2540
2539 2540
2541 2542
2541 2543
2541 2544
2541 2545
2541 2546
2542 2543
2542 2544
2542 2545
2542 2546
2543 2544
2543 2545
2543 2546
2544 2545
2544 2546
2545 2546
2548 2549
2551 2552
2551 2553
2551 2554
2551 2555
2552 2553
2552 2554
2552 2555
2553 2554
2553 2555
2554 2555
2556 2557
2556 2558
2557 2558
2560 2561
2562 2563
2562 2564
2562 2565
2562 2566
2562 2567
2563 2564
2563 2565
2563 2566
2563 2567
2564 2565
2564 2566
2564 2567
2565 2566
2565 2567
2566 2567
2568 2569
2570 2571
2570 2572
2571 2572
2573 2574
2573 2575
2574 2575
2576 2577
2578 2579
2578 2580
2578 2581
2578 2582
2579 2580
2579 2581
2579 2582
2580 2581
2580 2582
2581 2582
2583 2584
2583 2585
2583 2586
2584 2585
2584 2586
2585 2586
2588 2589
2588 2590
2589 2590
2591 2592
2593 2594
2593 2595
2593 2596
2593 2597
2594 2595
2594 2596
2594 2597
2595 2596
2595 2597
2596 2597
2598 2599
2600 2601
2602 2603
2604 2605
2604 2606
2604 2607
2605 2606
2605 2607
2606 2607
2608 2609
2608 2610
2608 2611
2608 2612
2608 2613
2609 2610
2609 2611
2609 2612
2609 2613
2610 2611
2610 2612
2610 2613
2611 2612
2611 2613
2612 2613
2615 2616
2617 2618
2617 2619
2617 2620
2617 2621
2617 2622
2618 2619
2618 2620
2618 2621
2618 2622
2619 2620
2619 2621
2619 2622
2620 2621
2620 2622
2621 2622
2623 2624
2623 2625
2623 2626
2624 2625
2624 2626
2625 2626
2627 2628
2630 2631
2630 2632
2630 2633
2631 2632
2631 2633
2632 2633
2634 2635
2634 2636
2634 2637
2635 2636
2635 2637
2636 2637
2638 2639
2638 2640
2638 2641
2638 2642
2638 2643
2639 2640
2639 2641
2639 2642
2639 2643
2640 2641
2640 2642
2640 2643
2641 2642
2641 2643
2642 2643
2644 2645
2646 2647
2646 2648
2646 2649
2646 2650
2646 2651
2647 2648
2647 2649
2647 2650
2647 2651
2648 2649
2648 2650
2648 2651
2649 2650
2649 2651
2650 2651
2652 2653
2654 2655
2656 2657
2656 2658
2656 2659
2656 2660
2656 2661
2657 2658
2657 2659
2657 2660
2657 2661
2658 2659
2658 2660
2658 2661
2659 2660
2659 2661
2660 2661
2662 2663
2665 2666
2665 2667
2665 2668
2665 2669
2666 2667
2666 2668
2666 2669
2667 2668
2667 2669
2668 2669
2670 2671
2670 2672
2671 2672
2674 2675
2674 2676
2675 2676
2677 2678
2677 2679
2678 2679
2680 2681
2683 2684
2683 2685
2683 2686
2684 2685
2684 2686
2685 2686
2687 2688
2687 2689
2687 2690
2687 2691
2688 2689
2688 2690
2688 2691
2689 2690
2689 2691
2690 2691
2692 2693
2694 2695
2696 2697
2698 2699
2698 2700
2698 2701
2699 2700
2699 2701
2700 2701
2702 2703
2704 2705
2704 2706
2704 2707
2705 2706
2705 2707
2706 2707
2708 2709
2710 2711
2714 2715
2714 2716
2715 2716
2717 2718
2717 2719
2717 2720
2718 2719
2718 2720
2719 2720
2721 2722
2723 2724
2723 2725
2723 2726
2723 2727
2724 2725
2724 2726
2724 2727
2725 2726
2725 2727
2726 2727
2728 2729
2730 2731
2732 2733
2732 2734
2732 2735
2732 2736
2733 2734
2733 2735
2733 2736
2734 2735
2734 2736
2735 2736
2737 2738
2739 2740
2741 2742
2743 2744
2745 2746
2747 2748
2747 2749
2748 2749
2750 2751
2750 2752
2750 2753
2750 2754
2751 2752
2751 2753
2751 2754
2752 2753
2752 2754
2753 2754
2755 2756
2755 2757
2756 2757
2758 2759
2761 2762
2763 2764
2763 2765
2764 2765
2767 2768
2769 2770
2769 2771
2770 2771
2772 2773
2772 2774
2772 2775
2773 2774
2773 2775
2774 2775
2776 2777
2776 2778
2776 2779
2777 2778
2777 2779
2778 2779
2780 2781
2780 2782
2780 2783
2781 2782
2781 2783
2782 2783
2784 2785
2786 2787
2788 2789
2790 2791
2793 2794
2796 2797
2796 2798
2796 2799
2796 2800
2796 2801
2797 2798
2797 2799
2797 2800
2797 2801
2798 2799
2798 2800
2798 2801
2799 2800
2799 2801
2800 2801
2802 2803
2802 2804
2802 2805
2802 2806
2803 2804
2803 2805
2803 2806
2804 2805
2804 2806
2805 2806
2807 2808
2809 2810
2809 2811
2809 2812
2809 2813
2809 2814
2809 2815
2810 2811
2810 2812
2810 2813
2810 2814
2810 2815
2811 2812
2811 2813
2811 2814
2811 2815
2812 2813
2812 2814
2812 2815
2813 2814
2813 2815
2814 2815
2816 2817
2816 2818
2816 2819
2816 2820
2817 2818
2817 2819
2817 2820
2818 2819
2818 2820
2819 2820
2821 2822
2821 2823
2821 2824
2821 2825
2821 2826
2821 2827
2822 2823
2822 2824
2822 2825
2822 2826
2822 2827
2823 2824
2823 2825
2823 2826
2823 2827
2824 2825
2824 2826
2824 2827
2825 2826
2825 2827
2826 2827
2828 2829
2828 2830
2828 2831
2829 2830
2829 2831
2830 2831
2832 2833
2834 2835
2834 2836
2834 2837
2835 2836
2835 2837
2836 2837
2839 2840
2841 2842
2843 2844
2846 2847
2849 2850
2849 2851
2849 2852
2850 2851
2850 2852
2851 2852
2853 2854
2853 2855
2854 2855
2856 2857
2856 2858
2857 2858
2859 2860
2861 2862
2863 2864
2866 2867
2866 2868
2866 2869
2867 2868
2867 2869
2868 2869
2871 2872
2873 2874
2873 2875
2874 2875
2876 2877
2878 2879
2880 2881
2882 2883
2884 2885
2886 2887
2888 2889
2888 2890
2888 2891
2889 2890
2889 2891
2890 2891
2892 2893
2892 2894
2893 2894
2895 2896
2895 2897
2896 2897
2898 2899
2898 2900
2898 2901
2898 2902
2899 2900
2899 2901
2899 2902
2900 2901
2900 2902
2901 2902
2903 2904
2903 2905
2903 2906
2904 2905
2904 2906
2905 2906
2907 2908
2907 2909
2908 2909
2911 2912
2913 2914
2913 2915
2914 2915
2916 2917
2916 2918
2916 2919
2916 2920
2916 2921
2917 2918
2917 2919
2917 2920
2917 2921
2918 2919
2918 2920
2918 2921
2919 2920
2919 2921
2920 2921
2922 2923
2924 2925
2926 2927
2926 2928
2926 2929
2926 2930
2926 2931
2927 2928
2927 2929
2927 2930
2927 2931
2928 2929
2928 2930
2928 2931
2929 2930
2929 2931
2930 2931
2932 2933
2932 2934
2932 2935
2932 2936
2933 2934
2933 2935
2933 2936
2934 2935
2934 2936
2935 2936
2937 2938
2937 2939
2938 2939
2940 2941
2942 2943
2942 2944
2942 2945
2943 2944
2943 2945
2944 2945
2947 2948
2947 2949
2947 2950
2947 2951
2947 2952
2948 2949
2948 2950
2948 2951
2948 2952
2949 2950
2949 2951
2949 2952
2950 2951
2950 2952
2951 2952
2953 2954
2953 2955
2954 2955
2956 2957
2956 2958
2956 2959
2956 2960
2957 2958
2957 2959
2957 2960
2958 2959
2958 2960
2959 2960
2961 2962
2961 2963
2961 2964
2961 2965
2961 2966
2962 2963
2962 2964
2962 2965
2962 2966
2963 2964
2963 2965
2963 2966
2964 2965
2964 2966
2965 2966
2967 2968
2969 2970
2969 2971
2969 2972
2970 2971
2970 2972
2971 2972
2973 2974
2973 2975
2974 2975
2976 2977
2978 2979
2978 2980
2978 2981
2978 2982
2979 2980
2979 2981
2979 2982
2980 2981
2980 2982
2981 2982
2983 2984
2983 2985
2984 2985
2986 2987
2988 2989
2990 2991
2992 2993
2994 2995
2997 2998
2999 3000
3001 3002
3003 3004
3003 3005
3003 3006
3004 3005
3004 3006
3005 3006
3007 3008
3009 3010
3009 3011
3010 3011
3013 3014
3015 3016
3015 3017
3016 3017
3018 3019
3020 3021
3020 3022
3020 3023
3021 3022
3021 3023
3022 3023
3025 3026
3025 3027
3025 3028
3026 3027
3026 3028
3027 3028
3029 3030
3031 3032
3031 3033
3031 3034
3031 3035
3031 3036
3031 3037
3031 3038
3031 3039
3032 3033
3032 3034
3032 3035
3032 3036
3032 3037
3032 3038
3032 3039
3033 3034
3033 3035
3033 3036
3033 3037
3033 3038
3033 3039
3034 3035
3034 3036
3034 3037
3034 3038
3034 3039
3035 3036
3035 3037
3035 3038
3035 3039
3036 3037
3036 3038
3036 3039
3037 3038
3037 3039
3038 3039
3040 3041
3042 3043
3042 3044
3042 3045
3042 3046
3042 3047
3043 3044
3043 3045
3043 3046
3043 3047
3044 3045
3044 3046
3044 3047
3045 3046
3045 3047
3046 3047
3048 3049
3050 3051
3052 3053
3052 3054
3053 3054
3056 3057
3056 3058
3057 3058
3060 3061
3060 3062
3061 3062
3063 3064
3063 3065
3063 3066
3063 3067
3063 3068
3064 3065
3064 3066
3064 3067
3064 3068
3065 3066
3065 3067
3065 3068
3066 3067
3066 3068
3067 3068
3069 3070
3071 3072
3073 3074
3073 3075
3073 3076
3074 3075
3074 3076
3075 3076
3077 3078
3079 3080
3081 3082
3084 3085
3084 3086
3084 3087
3085 3086
3085 3087
3086 3087
3089 3090
3089 3091
3089 3092
3089 3093
3090 3091
3090 3092
3090 3093
3091 3092
3091 3093
3092 3093
3095 3096
3097 3098
3099 3100
3099 3101
3099 3102
3099 3103
3099 3104
3100 3101
3100 3102
3100 3103
3100 3104
3101 3102
3101 3103
3101 3104
3102 3103
3102 3104
3103 3104
3106 3107
3106 3108
3106 3109
3107 3108
3107 3109
3108 3109
3111 3112
3111 3113
3111 3114
3112 3113
3112 3114
3113 3114
3115 3116
3115 3117
3115 3118
3115 3119
3116 3117
3116 3118
3116 3119
3117 3118
3117 3119
3118 3119
3120 3121
3122 3123
3124 3125
3126 3127
3126 3128
3126 3129
3127 3128
3127 3129
3128 3129
3131 3132
3131 3133
3132 3133
3134 3135
3136 3137
3136 3138
3137 3138
3139 3140
3141 3142
3141 3143
3141 3144
3141 3145
3142 3143
3142 3144
3142 3145
3143 3144
3143 3145
3144 3145
3146 3147
3146 3148
3147 3148
3149 3150
3149 3151
3149 3152
3150 3151
3150 3152
3151 3152
3153 3154
3153 3155
3154 3155
3156 3157
3156 3158
3156 3159
3156 3160
3156 3161
3157 3158
3157 3159
3157 3160
3157 3161
3158 3159
3158 3160
3158 3161
3159 3160
3159 3161
3160 3161
3162 3163
3164 3165
3164 3166
3164 3167
3165 3166
3165 3167
3166 3167
3168 3169
3168 3170
3168 3171
3168 3172
3169 3170
3169 3171
3169 3172
3170 3171
3170 3172
3171 3172
3173 3174
3173 3175
3173 3176
3174 3175
3174 3176
3175 3176
3177 3178
3179 3180
3179 3181
3180 3181
3182 3183
3182 3184
3182 3185
3182 3186
3183 3184
3183 3185
3183 3186
3184 3185
3184 3186
3185 3186
3189 3190
3189 3191
3189 3192
3189 3193
3190 3191
3190 3192
3190 3193
3191 3192
3191 3193
3192 3193
3194 3195
3194 3196
3195 3196
3197 3198
3197 3199
3198 3199
3200 3201
3200 3202
3201 3202
3203 3204
3205 3206
3207 3208
3207 3209
3207 3210
3208 3209
3208 3210
3209 3210
3211 3212
3211 3213
3212 3213
3214 3215
3217 3218
3219 3220
3219 3221
3219 3222
3219 3223
3220 3221
3220 3222
3220 3223
3221 3222
3221 3223
3222 3223
3224 3225
3226 3227
3226 3228
3226 3229
3226 3230
3226 3231
3226 3232
3226 3233
3227 3228
3227 3229
3227 3230
3227 3231
3227 3232
3227 3233
3228 3229
3228 3230
3228 3231
3228 3232
3228 3233
3229 3230
3229 3231
3229 3232
3229 3233
3230 3231
3230 3232
3230 3233
3231 3232
3231 3233
3232 3233
3234 3235
3234 3236
3234 3237
3235 3236
3235 3237
3236 3237
3238 3239
3238 3240
3239 3240
3241 3242
3243 3244
3243 3245
3243 3246
3244 3245
3244 3246
3245 3246
3248 3249
3248 3250
3248 3251
3249 3250
3249 3251
3250 3251
3252 3253
3256 3257
3259 3260
3262 3263
3262 3264
3262 3265
3262 3266
3263 3264
3263 3265
3263 3266
3264 3265
3264 3266
3265 3266
3267 3268
3269 3270
3269 3271
3269 3272
3269 3273
3270 3271
3270 3272
3270 3273
3271 3272
3271 3273
3272 3273
3274 3275
3276 3277
3276 3278
3277 3278
3280 3281
3280 3282
3281 3282
3283 3284
3283 3285
3283 3286
3284 3285
3284 3286
3285 3286
3287 3288
3287 3289
3287 3290
3287 3291
3288 3289
3288 3290
3288 3291
3289 3290
3289 3291
3290 3291
3293 3294
3295 3296
3295 3297
3295 3298
3296 3297
3296 3298
3297 3298
3299 3300
3301 3302
3301 3303
3301 3304
3301 3305
3302 3303
3302 3304
3302 3305
3303 3304
3303 3305
3304 3305
3306 3307
3308 3309
3308 3310
3309 3310
3311 3312
3311 3313
3311 3314
3312 3313
3312 3314
3313 3314
3315 3316
3317 3318
3317 3319
3317 3320
3318 3319
3318 3320
3319 3320
3321 3322
3321 3323
3321 3324
3322 3323
3322 3324
3323 3324
3325 3326
3327 3328
3329 3330
3329 3331
3329 3332
3329 3333
3329 3334
3330 3331
3330 3332
3330 3333
3330 3334
3331 3332
3331 3333
3331 3334
3332 3333
3332 3334
3333 3334
3335 3336
3337 3338
3337 3339
3337 3340
3337 3341
3337 3342
3337 3343
3338 3339
3338 3340
3338 3341
3338 3342
3338 3343
3339 3340
3339 3341
3339 3342
3339 3343
3340 3341
3340 3342
3340 3343
3341 3342
3341 3343
3342 3343
3344 3345
3346 3347
3346 3348
3346 3349
3347 3348
3347 3349
3348 3349
3350 3351
3350 3352
3351 3352
3353 3354
3355 3356
3357 3358
3357 3359
3357 3360
3358 3359
3358 3360
3359 3360
3361 3362
3363 3364
3366 3367
3366 3368
3366 3369
3366 3370
3367 3368
3367 3369
3367 3370
3368 3369
3368 3370
3369 3370
3371 3372
3373 3374
3375 3376
3375 3377
3375 3378
3376 3377
3376 3378
3377 3378
3379 3380
3379 3381
3379 3382
3379 3383
3379 3384
3379 3385
3380 3381
3380 3382
3380 3383
3380 3384
3380 3385
3381 3382
3381 3383
3381 3384
3381 3385
3382 3383
3382 3384
3382 3385
3383 3384
3383 3385
3384 3385
3386 3387
3386 3388
3386 3389
3386 3390
3386 3391
3386 3392
3387 3388
3387 3389
3387 3390
3387 3391
3387 3392
3388 3389
3388 3390
3388 3391
3388 3392
3389 3390
3389 3391
3389 3392
3390 3391
3390 3392
3391 3392
3393 3394
3393 3395
3393 3396
3393 3397
3394 3395
3394 3396
3394 3397
3395 3396
3395 3397
3396 3397
3399 3400
3399 3401
3400 3401
3402 3403
3405 3406
3405 3407
3406 3407
3409 3410
3409 3411
3409 3412
3410 3411
3410 3412
3411 3412
3414 3415
3414 3416
3414 3417
3414 3418
3415 3416
3415 3417
3415 3418
3416 3417
3416 3418
3417 3418
3421 3422
3423 3424
3425 3426
3427 3428
3427 3429
3428 3429
3431 3432
3433 3434
3433 3435
3433 3436
3433 3437
3434 3435
3434 3436
3434 3437
3435 3436
3435 3437
3436 3437
3438 3439
3440 3441
3440 3442
3440 3443
3441 3442
3441 3443
3442 3443
3444 3445
3444 3446
3445 3446
3449 3450
3449 3451
3449 3452
3450 3451
3450 3452
3451 3452
3456 3457
3456 3458
3456 3459
3457 3458
3457 3459
3458 3459
3461 3462
3461 3463
3461 3464
3461 3465
3461 3466
3462 3463
3462 3464
3462 3465
3462 3466
3463 3464
3463 3465
3463 3466
3464 3465
3464 3466
3465 3466
3467 3468
3469 3470
3469 3471
3470 3471
3472 3473
3472 3474
3472 3475
3472 3476
3473 3474
3473 3475
3473 3476
3474 3475
3474 3476
3475 3476
3477 3478
3479 3480
3479 3481
3480 3481
3482 3483
3482 3484
3483 3484
3485 3486
3485 3487
3485 3488
3485 3489
3486 3487
3486 3488
3486 3489
3487 3488
3487 3489
3488 3489
3490 3491
3490 3492
3491 3492
3493 3494
3493 3495
3493 3496
3493 3497
3494 3495
3494 3496
3494 3497
3495 3496
3495 3497
3496 3497
3498 3499
3498 3500
3498 3501
3498 3502
3499 3500
3499 3501
3499 3502
3500 3501
3500 3502
3501 3502
3503 3504
3503 3505
3503 3506
3504 3505
3504 3506
3505 3506
3507 3508
3509 3510
3509 3511
3509 3512
3509 3513
3509 3514
3510 3511
3510 3512
3510 3513
3510 3514
3511 3512
3511 3513
3511 3514
3512 3513
3512 3514
3513 3514
3517 3518
3519 3520
3519 3521
3520 3521
3522 3523
3522 3524
3522 3525
3522 3526
3523 3524
3523 3525
3523 3526
3524 3525
3524 3526
3525 3526
3527 3528
3529 3530
3531 3532
3534 3535
3536 3537
3539 3540
3539 3541
3539 3542
3539 3543
3539 3544
3539 3545
3539 3546
3539 3547
3539 3548
3540 3541
3540 3542
3540 3543
3540 3544
3540 3545
3540 3546
3540 3547
3540 3548
3541 3542
3541 3543
3541 3544
3541 3545
3541 3546
3541 3547
3541 3548
3542 3543
3542 3544
3542 3545
3542 3546
3542 3547
3542 3548
3543 3544
3543 3545
3543 3546
3543 3547
3543 3548
3544 3545
3544 3546
3544 3547
3544 3548
3545 3546
3545 3547
3545 3548
3546 3547
3546 3548
3547 3548
3550 3551
3552 3553
3552 3554
3552 3555
3553 3554
3553 3555
3554 3555
3557 3558
3559 3560
3559 3561
3559 3562
3559 3563
3560 3561
3560 3562
3560 3563
3561 3562
3561 3563
3562 3563
3564 3565
3564 3566
3565 3566
3567 3568
3569 3570
3569 3571
3569 3572
3569 3573
3569 3574
3569 3575
3570 3571
3570 3572
3570 3573
3570 3574
3570 3575
3571 3572
3571 3573
3571 3574
3571 3575
3572 3573
3572 3574
3572 3575
3573 3574
3573 3575
3574 3575
3577 3578
3580 3581
3580 3582
3580 3583
3580 3584
3581 3582
3581 3583
3581 3584
3582 3583
3582 3584
3583 3584
3586 3587
3586 3588
3586 3589
3587 3588
3587 3589
3588 3589
3590 3591
3590 3592
3591 3592
3593 3594
3593 3595
3594 3595
3596 3597
3596 3598
3596 3599
3596 3600
3597 3598
3597 3599
3597 3600
3598 3599
3598 3600
3599 3600
3601 3602
3601 3603
3601 3604
3601 3605
3601 3606
3601 3607
3602 3603
3602 3604
3602 3605
3602 3606
3602 3607
3603 3604
3603 3605
3603 3606
3603 3607
3604 3605
3604 3606
3604 3607
3605 3606
3605 3607
3606 3607
3608 3609
3610 3611
3610 3612
3610 3613
3610 3614
3611 3612
3611 3613
3611 3614
3612 3613
3612 3614
3613 3614
3615 3616
3615 3617
3615 3618
3615 3619
3615 3620
3616 3617
3616 3618
3616 3619
3616 3620
3617 3618
3617 3619
3617 3620
3618 3619
3618 3620
3619 3620
3621 3622
3621 3623
3621 3624
3622 3623
3622 3624
3623 3624
3625 3626
3627 3628
3627 3629
3627 3630
3627 3631
3628 3629
3628 3630
3628 3631
3629 3630
3629 3631
3630 3631
3632 3633
3634 3635
3634 3636
3635 3636
3637 3638
3637 3639
3637 3640
3637 3641
3637 3642
3638 3639
3638 3640
3638 3641
3638 3642
3639 3640
3639 3641
3639 3642
3640 3641
3640 3642
3641 3642
3643 3644
3645 3646
3647 3648
3649 3650
3649 3651
3649 3652
3649 3653
3650 3651
3650 3652
3650 3653
3651 3652
3651 3653
3652 3653
3654 3655
3654 3656
3654 3657
3655 3656
3655 3657
3656 3657
3658 3659
3662 3663
3664 3665
3664 3666
3665 3666
3667 3668
3670 3671
3670 3672
3671 3672
3673 3674
3673 3675
3674 3675
3676 3677
3678 3679
3681 3682
3681 3683
3682 3683
3685 3686
3685 3687
3686 3687
3688 3689
3688 3690
3689 3690
3691 3692
3691 3693
3692 3693
3694 3695
3694 3696
3694 3697
3694 3698
3695 3696
3695 3697
3695 3698
3696 3697
3696 3698
3697 3698
3699 3700
3701 3702
3701 3703
3701 3704
3702 3703
3702 3704
3703 3704
3706 3707
3708 3709
3708 3710
3709 3710
3712 3713
3712 3714
3712 3715
3713 3714
3713 3715
3714 3715
3716 3717
3718 3719
3718 3720
3719 3720
3721 3722
3723 3724
3725 3726
3725 3727
3725 3728
3726 3727
3726 3728
3727 3728
3729 3730
3729 3731
3730 3731
3732 3733
3732 3734
3732 3735
3732 3736
3733 3734
3733 3735
3733 3736
3734 3735
3734 3736
3735 3736
3737 3738
3739 3740
3739 3741
3739 3742
3739 3743
3740 3741
3740 3742
3740 3743
3741 3742
3741 3743
3742 3743
3744 3745
3747 3748
3747 3749
3748 3749
3750 3751
3753 3754
3753 3755
3754 3755
3758 3759
3760 3761
3760 3762
3760 3763
3761 3762
3761 3763
3762 3763
3764 3765
3766 3767
3766 3768
3766 3769
3767 3768
3767 3769
3768 3769
3771 3772
3773 3774
3776 3777
3776 3778
3777 3778
3782 3783
3784 3785
3786 3787
3786 3788
3786 3789
3787 3788
3787 3789
3788 3789
3790 3791
3792 3793
3792 3794
3792 3795
3792 3796
3793 3794
3793 3795
3793 3796
3794 3795
3794 3796
3795 3796
3797 3798
3797 3799
3797 3800
3798 3799
3798 3800
3799 3800
3803 3804
3805 3806
3805 3807
3805 3808
3805 3809
3805 3810
3805 3811
3805 3812
3806 3807
3806 3808
3806 3809
3806 3810
3806 3811
3806 3812
3807 3808
3807 3809
3807 3810
3807 3811
3807 3812
3808 3809
3808 3810
3808 3811
3808 3812
3809 3810
3809 3811
3809 3812
3810 3811
3810 3812
3811 3812
3813 3814
3816 3817
3818 3819
3821 3822
3821 3823
3821 3824
3821 3825
3822 3823
3822 3824
3822 3825
3823 3824
3823 3825
3824 3825
3826 3827
3828 3829
3830 3831
3830 3832
3830 3833
3830 3834
3831 3832
3831 3833
3831 3834
3832 3833
3832 3834
3833 3834
3835 3836
3837 3838
3839 3840
3839 3841
3839 3842
3839 3843
3839 3844
3840 3841
3840 3842
3840 3843
3840 3844
3841 3842
3841 3843
3841 3844
3842 3843
3842 3844
3843 3844
3845 3846
3845 3847
3845 3848
3846 3847
3846 3848
3847 3848
3849 3850
3849 3851
3850 3851
3852 3853
3854 3855
3854 3856
3854 3857
3855 3856
3855 3857
3856 3857
3858 3859
3860 3861
3860 3862
3860 3863
3861 3862
3861 3863
3862 3863
3864 3865
3864 3866
3865 3866
3867 3868
3869 3870
3871 3872
3871 3873
3871 3874
3871 3875
3871 3876
3872 3873
3872 3874
3872 3875
3872 3876
3873 3874
3873 3875
3873 3876
3874 3875
3874 3876
3875 3876
3877 3878
3877 3879
3877 3880
3878 3879
3878 3880
3879 3880
3882 3883
3884 3885
3886 3887
3886 3888
3886 3889
3886 3890
3887 3888
3887 3889
3887 3890
3888 3889
3888 3890
3889 3890
3891 3892
3891 3893
3891 3894
3891 3895
3891 3896
3892 3893
3892 3894
3892 3895
3892 3896
3893 3894
3893 3895
3893 3896
3894 3895
3894 3896
3895 3896
3898 3899
3898 3900
3899 3900
3901 3902
3903 3904
3903 3905
3903 3906
3903 3907
3904 3905
3904 3906
3904 3907
3905 3906
3905 3907
3906 3907
3908 3909
3908 3910
3908 3911
3908 3912
3909 3910
3909 3911
3909 3912
3910 3911
3910 3912
3911 3912
3913 3914
3913 3915
3913 3916
3913 3917
3913 3918
3913 3919
3914 3915
3914 3916
3914 3917
3914 3918
3914 3919
3915 3916
3915 3917
3915 3918
3915 3919
3916 3917
3916 3918
3916 3919
3917 3918
3917 3919
3918 3919
3920 3921
3920 3922
3921 3922
3923 3924
3925 3926
3925 3927
3926 3927
3928 3929
3930 3931
3930 3932
3931 3932
3934 3935
3936 3937
3938 3939
3938 3940
3938 3941
3939 3940
3939 3941
3940 3941
3942 3943
3942 3944
3942 3945
3943 3944
3943 3945
3944 3945
3946 3947
3948 3949
3948 3950
3948 3951
3948 3952
3949 3950
3949 3951
3949 3952
3950 3951
3950 3952
3951 3952
3953 3954
3957 3958
3959 3960
3959 3961
3959 3962
3960 3961
3960 3962
3961 3962
3963 3964
3963 3965
3964 3965
3966 3967
3966 3968
3966 3969
3967 3968
3967 3969
3968 3969
3970 3971
3972 3973
3972 3974
3972 3975
3973 3974
3973 3975
3974 3975
3976 3977
3976 3978
3977 3978
3979 3980
3979 3981
3980 3981
3982 3983
3982 3984
3982 3985
3982 3986
3982 3987
3983 3984
3983 3985
3983 3986
3983 3987
3984 3985
3984 3986
3984 3987
3985 3986
3985 3987
3986 3987
3988 3989
3992 3993
3994 3995
3996 3997
3996 3998
3997 3998
4000 4001
4000 4002
4001 4002
4003 4004
4006 4007
4006 4008
4007 4008
4009 4010
4011 4012
4013 4014
4015 4016
4015 4017
4015 4018
4015 4019
4015 4020
4015 4021
4016 4017
4016 4018
4016 4019
4016 4020
4016 4021
4017 4018
4017 4019
4017 4020
4017 4021
4018 4019
4018 4020
4018 4021
4019 4020
4019 4021
4020 4021
4022 4023
4022 4024
4022 4025
4023 4024
4023 4025
4024 4025
4026 4027
4026 4028
4027 4028
4029 4030
4031 4032
4034 4035
4036 4037
4038 4039
4040 4041
4040 4042
4040 4043
4040 4044
4040 4045
4040 4046
4040 4047
4041 4042
4041 4043
4041 4044
4041 4045
4041 4046
4041 4047
4042 4043
4042 4044
4042 4045
4042 4046
4042 4047
4043 4044
4043 4045
4043 4046
4043 4047
4044 4045
4044 4046
4044 4047
4045 4046
4045 4047
4046 4047
4050 4051
4050 4052
4050 4053
4050 4054
4051 4052
4051 4053
4051 4054
4052 4053
4052 4054
4053 4054
4055 4056
4057 4058
4059 4060
4059 4061
4059 4062
4059 4063
4060 4061
4060 4062
4060 4063
4061 4062
4061 4063
4062 4063
4064 4065
4066 4067
4066 4068
4066 4069
4066 4070
4066 4071
4067 4068
4067 4069
4067 4070
4067 4071
4068 4069
4068 4070
4068 4071
4069 4070
4069 4071
4070 4071
4072 4073
4074 4075
4076 4077
4078 4079
4081 4082
4081 4083
4081 4084
4081 4085
4082 4083
4082 4084
4082 4085
4083 4084
4083 4085
4084 4085
4086 4087
4086 4088
4086 4089
4087 4088
4087 4089
4088 4089
4090 4091
4093 4094
4093 4095
4093 4096
4093 4097
4094 4095
4094 4096
4094 4097
4095 4096
4095 4097
4096 4097
4098 4099
4100 4101
4100 4102
4100 4103
4100 4104
4101 4102
4101 4103
4101 4104
4102 4103
4102 4104
4103 4104
4105 4106
4107 4108
4107 4109
4108 4109
4110 4111
4112 4113
4114 4115
4114 4116
4115 4116
4117 4118
4119 4120
4121 4122
4121 4123
4122 4123
4124 4125
4126 4127
4126 4128
4127 4128
4129 4130
4129 4131
4129 4132
4130 4131
4130 4132
4131 4132
4133 4134
4133 4135
4133 4136
4134 4135
4134 4136
4135 4136
4137 4138
4139 4140
4141 4142
4141 4143
4141 4144
4142 4143
4142 4144
4143 4144
4145 4146
4147 4148
4147 4149
4148 4149
4150 4151
4152 4153
4154 4155
4154 4156
4154 4157
4154 4158
4154 4159
4155 4156
4155 4157
4155 4158
4155 4159
4156 4157
4156 4158
4156 4159
4157 4158
4157 4159
4158 4159
4160 4161
4162 4163
4164 4165
4164 4166
4164 4167
4165 4166
4165 4167
4166 4167
4169 4170
4169 4171
4169 4172
4170 4171
4170 4172
4171 4172
4173 4174
4173 4175
4173 4176
4173 4177
4173 4178
4173 4179
4173 4180
4174 4175
4174 4176
4174 4177
4174 4178
4174 4179
4174 4180
4175 4176
4175 4177
4175 4178
4175 4179
4175 4180
4176 4177
4176 4178
4176 4179
4176 4180
4177 4178
4177 4179
4177 4180
4178 4179
4178 4180
4179 4180
4182 4183
4182 4184
4182 4185
4183 4184
4183 4185
4184 4185
4186 4187
4188 4189
4188 4190
4188 4191
4189 4190
4189 4191
4190 4191
4192 4193
4192 4194
4193 4194
4195 4196
4195 4197
4195 4198
4196 4197
4196 4198
4197 4198
4199 4200
4201 4202
4204 4205
4204 4206
4205 4206
4207 4208
4207 4209
4207 4210
4208 4209
4208 4210
4209 4210
4211 4212
4211 4213
4211 4214
4211 4215
4212 4213
4212 4214
4212 4215
4213 4214
4213 4215
4214 4215
4216 4217
4216 4218
4216 4219
4216 4220
4217 4218
4217 4219
4217 4220
4218 4219
4218 4220
4219 4220
4221 4222
4223 4224
4225 4226
4227 4228
4229 4230
4231 4232
4233 4234
4233 4235
4233 4236
4234 4235
4234 4236
4235 4236
4237 4238
4237 4239
4237 4240
4237 4241
4237 4242
4238 4239
4238 4240
4238 4241
4238 4242
4239 4240
4239 4241
4239 4242
4240 4241
4240 4242
4241 4242
4243 4244
4243 4245
4244 4245
4246 4247
4246 4248
4246 4249
4246 4250
4247 4248
4247 4249
4247 4250
4248 4249
4248 4250
4249 4250
4252 4253
4252 4254
4253 4254
4255 4256
4255 4257
4256 4257
4258 4259
4258 4260
4259 4260
4261 4262
4261 4263
4262 4263
4264 4265
4264 4266
4264 4267
4264 4268
4265 4266
4265 4267
4265 4268
4266 4267
4266 4268
4267 4268
4269 4270
4271 4272
4271 4273
4272 4273
4274 4275
4274 4276
4275 4276
4277 4278
4279 4280
4279 4281
4280 4281
4282 4283
4282 4284
4282 4285
4282 4286
4283 4284
4283 4285
4283 4286
4284 4285
4284 4286
4285 4286
4287 4288
4289 4290
4289 4291
4289 4292
4289 4293
4289 4294
4290 4291
4290 4292
4290 4293
4290 4294
4291 4292
4291 4293
4291 4294
4292 4293
4292 4294
4293 4294
4295 4296
4297 4298
4297 4299
4297 4300
4298 4299
4298 4300
4299 4300
4301 4302
4301 4303
4301 4304
4301 4305
4301 4306
4302 4303
4302 4304
4302 4305
4302 4306
4303 4304
4303 4305
4303 4306
4304 4305
4304 4306
4305 4306
4307 4308
4307 4309
4307 4310
4307 4311
4308 4309
4308 4310
4308 4311
4309 4310
4309 4311
4310 4311
4312 4313
4314 4315
4314 4316
4315 4316
4317 4318
4317 4319
4317 4320
4318 4319
4318 4320
4319 4320
4321 4322
4324 4325
4324 4326
4324 4327
4325 4326
4325 4327
4326 4327
4328 4329
4328 4330
4328 4331
4328 4332
4329 4330
4329 4331
4329 4332
4330 4331
4330 4332
4331 4332
4334 4335
4334 4336
4334 4337
4335 4336
4335 4337
4336 4337
4338 4339
4340 4341
4342 4343
4342 4344
4343 4344
4345 4346
4347 4348
4349 4350
4351 4352
4351 4353
4352 4353
4354 4355
4354 4356
4354 4357
4354 4358
4355 4356
4355 4357
4355 4358
4356 4357
4356 4358
4357 4358
4359 4360
4362 4363
4362 4364
4362 4365
4363 4364
4363 4365
4364 4365
4366 4367
4366 4368
4366 4369
4366 4370
4367 4368
4367 4369
4367 4370
4368 4369
4368 4370
4369 4370
4372 4373
4375 4376
4377 4378
4379 4380
4379 4381
4379 4382
4379 4383
4380 4381
4380 4382
4380 4383
4381 4382
4381 4383
4382 4383
4384 4385
4384 4386
4384 4387
4385 4386
4385 4387
4386 4387
4388 4389
4388 4390
4388 4391
4389 4390
4389 4391
4390 4391
4392 4393
4392 4394
4392 4395
4392 4396
4393 4394
4393 4395
4393 4396
4394 4395
4394 4396
4395 4396
4397 4398
4397 4399
4397 4400
4397 4401
4397 4402
4397 4403
4398 4399
4398 4400
4398 4401
4398 4402
4398 4403
4399 4400
4399 4401
4399 4402
4399 4403
4400 4401
4400 4402
4400 4403
4401 4402
4401 4403
4402 4403
4405 4406
4407 4408
4409 4410
4411 4412
4413 4414
4413 4415
4413 4416
4413 4417
4413 4418
4414 4415
4414 4416
4414 4417
4414 4418
4415 4416
4415 4417
4415 4418
4416 4417
4416 4418
4417 4418
4419 4420
4419 4421
4419 4422
4419 4423
4419 4424
4419 4425
4419 4426
4419 4427
4420 4421
4420 4422
4420 4423
4420 4424
4420 4425
4420 4426
4420 4427
4421 4422
4421 4423
4421 4424
4421 4425
4421 4426
4421 4427
4422 4423
4422 4424
4422 4425
4422 4426
4422 4427
4423 4424
4423 4425
4423 4426
4423 4427
4424 4425
4424 4426
4424 4427
4425 4426
4425 4427
4426 4427
4428 4429
4428 4430
4429 4430
4434 4435
4434 4436
4435 4436
4437 4438
4437 4439
4437 4440
4438 4439
4438 4440
4439 4440
4441 4442
4441 4443
4441 4444
4441 4445
4442 4443
4442 4444
4442 4445
4443 4444
4443 4445
4444 4445
4446 4447
4448 4449
4448 4450
4448 4451
4448 4452
4449 4450
4449 4451
4449 4452
4450 4451
4450 4452
4451 4452
4455 4456
4455 4457
4455 4458
4455 4459
4456 4457
4456 4458
4456 4459
4457 4458
4457 4459
4458 4459
4460 4461
4462 4463
4462 4464
4463 4464
4465 4466
4467 4468
4467 4469
4468 4469
4470 4471
4472 4473
4474 4475
4476 4477
4478 4479
4478 4480
4478 4481
4478 4482
4478 4483
4479 4480
4479 4481
4479 4482
4479 4483
4480 4481
4480 4482
4480 4483
4481 4482
4481 4483
4482 4483
4484 4485
4486 4487
4486 4488
4486 4489
4486 4490
4486 4491
4486 4492
4487 4488
4487 4489
4487 4490
4487 4491
4487 4492
4488 4489
4488 4490
4488 4491
4488 4492
4489 4490
4489 4491
4489 4492
4490 4491
4490 4492
4491 4492
4494 4495
4494 4496
4494 4497
4495 4496
4495 4497
4496 4497
4498 4499
4500 4501
4502 4503
4502 4504
4502 4505
4503 4504
4503 4505
4504 4505
4507 4508
4510 4511
4512 4513
4512 4514
4513 4514
4515 4516
4515 4517
4516 4517
4518 4519
4518 4520
4519 4520
4522 4523
4522 4524
4523 4524
4525 4526
4527 4528
4529 4530
4529 4531
4529 4532
4529 4533
4529 4534
4529 4535
4530 4531
4530 4532
4530 4533
4530 4534
4530 4535
4531 4532
4531 4533
4531 4534
4531 4535
4532 4533
4532 4534
4532 4535
4533 4534
4533 4535
4534 4535
4536 4537
4536 4538
4536 4539
4536 4540
4536 4541
4537 4538
4537 4539
4537 4540
4537 4541
4538 4539
4538 4540
4538 4541
4539 4540
4539 4541
4540 4541
4543 4544
4543 4545
4543 4546
4543 4547
4544 4545
4544 4546
4544 4547
4545 4546
4545 4547
4546 4547
4548 4549
4548 4550
4548 4551
4549 4550
4549 4551
4550 4551
4552 4553
4554 4555
4554 4556
4554 4557
4554 4558
4555 4556
4555 4557
4555 4558
4556 4557
4556 4558
4557 4558
4559 4560
4559 4561
4560 4561
4562 4563
4562 4564
4562 4565
4562 4566
4562 4567
4562 4568
4563 4564
4563 4565
4563 4566
4563 4567
4563 4568
4564 4565
4564 4566
4564 4567
4564 4568
4565 4566
4565 4567
4565 4568
4566 4567
4566 4568
4567 4568
4569 4570
4569 4571
4570 4571
4572 4573
4574 4575
4574 4576
4574 4577
4574 4578
4575 4576
4575 4577
4575 4578
4576 4577
4576 4578
4577 4578
4579 4580
4581 4582
4581 4583
4581 4584
4581 4585
4581 4586
4581 4587
4582 4583
4582 4584
4582 4585
4582 4586
4582 4587
4583 4584
4583 4585
4583 4586
4583 4587
4584 4585
4584 4586
4584 4587
4585 4586
4585 4587
4586 4587
4588 4589
4590 4591
4590 4592
4591 4592
4593 4594
4595 4596
4595 4597
4595 4598
4596 4597
4596 4598
4597 4598
4599 4600
4601 4602
4601 4603
4602 4603
4604 4605
4604 4606
4605 4606
4607 4608
4607 4609
4607 4610
4607 4611
4607 4612
4608 4609
4608 4610
4608 4611
4608 4612
4609 4610
4609 4611
4609 4612
4610 4611
4610 4612
4611 4612
4613 4614
4613 4615
4613 4616
4614 4615
4614 4616
4615 4616
4618 4619
4620 4621
4622 4623
4622 4624
4623 4624
4626 4627
4628 4629
4628 4630
4628 4631
4628 4632
4628 4633
4629 4630
4629 4631
4629 4632
4629 4633
4630 4631
4630 4632
4630 4633
4631 4632
4631 4633
4632 4633
4634 4635
4634 4636
4634 4637
4635 4636
4635 4637
4636 4637
4638 4639
4638 4640
4638 4641
4639 4640
4639 4641
4640 4641
4642 4643
4642 4644
4642 4645
4643 4644
4643 4645
4644 4645
4646 4647
4646 4648
4646 4649
4646 4650
4647 4648
4647 4649
4647 4650
4648 4649
4648 4650
4649 4650
4651 4652
4651 4653
4652 4653
4654 4655
4654 4656
4654 4657
4654 4658
4654 4659
4654 4660
4655 4656
4655 4657
4655 4658
4655 4659
4655 4660
4656 4657
4656 4658
4656 4659
4656 4660
4657 4658
4657 4659
4657 4660
4658 4659
4658 4660
4659 4660
4661 4662
4661 4663
4661 4664
4661 4665
4661 4666
4661 4667
4661 4668
4661 4669
4662 4663
4662 4664
4662 4665
4662 4666
4662 4667
4662 4668
4662 4669
4663 4664
4663 4665
4663 4666
4663 4667
4663 4668
4663 4669
4664 4665
4664 4666
4664 4667
4664 4668
4664 4669
4665 4666
4665 4667
4665 4668
4665 4669
4666 4667
4666 4668
4666 4669
4667 4668
4667 4669
4668 4669
4670 4671
4670 4672
4670 4673
4670 4674
4670 4675
4671 4672
4671 4673
4671 4674
4671 4675
4672 4673
4672 4674
4672 4675
4673 4674
4673 4675
4674 4675
4676 4677
4676 4678
4677 4678
4679 4680
4679 4681
4679 4682
4680 4681
4680 4682
4681 4682
4683 4684
4685 4686
4687 4688
4687 4689
4688 4689
4690 4691
4690 4692
4690 4693
4690 4694
4690 4695
4690 4696
4690 4697
4691 4692
4691 4693
4691 4694
4691 4695
4691 4696
4691 4697
4692 4693
4692 4694
4692 4695
4692 4696
4692 4697
4693 4694
4693 4695
4693 4696
4693 4697
4694 4695
4694 4696
4694 4697
4695 4696
4695 4697
4696 4697
4698 4699
4698 4700
4698 4701
4699 4700
4699 4701
4700 4701
4703 4704
4705 4706
4705 4707
4706 4707
4708 4709
4710 4711
4712 4713
4712 4714
4712 4715
4712 4716
4712 4717
4712 4718
4712 4719
4712 4720
4712 4721
4712 4722
4712 4723
4713 4714
4713 4715
4713 4716
4713 4717
4713 4718
4713 4719
4713 4720
4713 4721
4713 4722
4713 4723
4714 4715
4714 4716
4714 4717
4714 4718
4714 4719
4714 4720
4714 4721
4714 4722
4714 4723
4715 4716
4715 4717
4715 4718
4715 4719
4715 4720
4715 4721
4715 4722
4715 4723
4716 4717
4716 4718
4716 4719
4716 4720
4716 4721
4716 4722
4716 4723
4717 4718
4717 4719
4717 4720
4717 4721
4717 4722
4717 4723
4718 4719
4718 4720
4718 4721
4718 4722
4718 4723
4719 4720
4719 4721
4719 4722
4719 4723
4720 4721
4720 4722
4720 4723
4721 4722
4721 4723
4722 4723
4724 4725
4724 4726
4724 4727
4724 4728
4725 4726
4725 4727
4725 4728
4726 4727
4726 4728
4727 4728
4730 4731
4730 4732
4730 4733
4731 4732
4731 4733
4732 4733
4734 4735
4734 4736
4734 4737
4735 4736
4735 4737
4736 4737
4738 4739
4740 4741
4742 4743
4744 4745
4746 4747
4746 4748
4747 4748
4749 4750
4753 4754
4756 4757
4756 4758
4756 4759
4756 4760
4756 4761
4757 4758
4757 4759
4757 4760
4757 4761
4758 4759
4758 4760
4758 4761
4759 4760
4759 4761
4760 4761
4762 4763
4762 4764
4763 4764
4765 4766
4765 4767
4765 4768
4765 4769
4766 4767
4766 4768
4766 4769
4767 4768
4767 4769
4768 4769
4770 4771
4770 4772
4770 4773
4771 4772
4771 4773
4772 4773
4774 4775
4774 4776
4774 4777
4775 4776
4775 4777
4776 4777
4779 4780
4779 4781
4779 4782
4779 4783
4780 4781
4780 4782
4780 4783
4781 4782
4781 4783
4782 4783
4784 4785
4786 4787
4786 4788
4786 4789
4787 4788
4787 4789
4788 4789
4791 4792
4793 4794
4795 4796
4795 4797
4796 4797
4798 4799
4798 4800
4798 4801
4799 4800
4799 4801
4800 4801
4802 4803
4802 4804
4802 4805
4802 4806
4802 4807
4803 4804
4803 4805
4803 4806
4803 4807
4804 4805
4804 4806
4804 4807
4805 4806
4805 4807
4806 4807
4808 4809
4810 4811
4810 4812
4810 4813
4811 4812
4811 4813
4812 4813
4814 4815
4814 4816
4815 4816
4817 4818
4817 4819
4818 4819
4820 4821
4820 4822
4820 4823
4820 4824
4821 4822
4821 4823
4821 4824
4822 4823
4822 4824
4823 4824
4825 4826
4827 4828
4827 4829
4828 4829
4831 4832
4831 4833
4831 4834
4831 4835
4831 4836
4832 4833
4832 4834
4832 4835
4832 4836
4833 4834
4833 4835
4833 4836
4834 4835
4834 4836
4835 4836
4837 4838
4839 4840
4839 4841
4839 4842
4839 4843
4840 4841
4840 4842
4840 4843
4841 4842
4841 4843
4842 4843
4844 4845
4844 4846
4844 4847
4845 4846
4845 4847
4846 4847
4848 4849
4848 4850
4848 4851
4849 4850
4849 4851
4850 4851
4852 4853
4852 4854
4852 4855
4852 4856
4852 4857
4853 4854
4853 4855
4853 4856
4853 4857
4854 4855
4854 4856
4854 4857
4855 4856
4855 4857
4856 4857
4858 4859
4858 4860
4858 4861
4858 4862
4859 4860
4859 4861
4859 4862
4860 4861
4860 4862
4861 4862
4863 4864
4865 4866
4865 4867
4866 4867
4868 4869
4870 4871
4870 4872
4870 4873
4870 4874
4871 4872
4871 4873
4871 4874
4872 4873
4872 4874
4873 4874
4875 4876
4877 4878
4877 4879
4878 4879
4880 4881
4882 4883
4882 4884
4882 4885
4882 4886
4883 4884
4883 4885
4883 4886
4884 4885
4884 4886
4885 4886
4887 4888
4887 4889
4888 4889
4890 4891
4890 4892
4891 4892
4893 4894
4895 4896
4897 4898
4899 4900
4899 4901
4899 4902
4900 4901
4900 4902
4901 4902
4903 4904
4903 4905
4903 4906
4903 4907
4903 4908
4904 4905
4904 4906
4904 4907
4904 4908
4905 4906
4905 4907
4905 4908
4906 4907
4906 4908
4907 4908
4909 4910
4909 4911
4910 4911
4913 4914
4913 4915
4913 4916
4913 4917
4914 4915
4914 4916
4914 4917
4915 4916
4915 4917
4916 4917
4918 4919
4920 4921
4922 4923
4924 4925
4924 4926
4924 4927
4925 4926
4925 4927
4926 4927
4929 4930
4931 4932
4934 4935
4936 4937
4936 4938
4936 4939
4936 4940
4936 4941
4937 4938
4937 4939
4937 4940
4937 4941
4938 4939
4938 4940
4938 4941
4939 4940
4939 4941
4940 4941
4942 4943
4944 4945
4944 4946
4944 4947
4944 4948
4945 4946
4945 4947
4945 4948
4946 4947
4946 4948
4947 4948
4949 4950
4951 4952
4951 4953
4951 4954
4951 4955
4951 4956
4952 4953
4952 4954
4952 4955
4952 4956
4953 4954
4953 4955
4953 4956
4954 4955
4954 4956
4955 4956
4957 4958
4957 4959
4957 4960
4958 4959
4958 4960
4959 4960
4961 4962
4963 4964
4963 4965
4963 4966
4964 4965
4964 4966
4965 4966
4967 4968
4967 4969
4967 4970
4967 4971
4968 4969
4968 4970
4968 4971
4969 4970
4969 4971
4970 4971
4972 4973
4972 4974
4973 4974
4975 4976
4975 4977
4975 4978
4975 4979
4976 4977
4976 4978
4976 4979
4977 4978
4977 4979
4978 4979
4980 4981
4980 4982
4980 4983
4981 4982
4981 4983
4982 4983
4985 4986
4987 4988
4987 4989
4988 4989
4990 4991
4990 4992
4990 4993
4991 4992
4991 4993
4992 4993
4997 4998
4997 4999
4998 4999
